((("data" .
   [2 0 0 0])
  ("test" .
   [0 0 1 0])
  ("helloworld" .
   [0 0 0 0 1 0 0 0 0 0])
  ("exceptions" .
   [0 0 0 0 1 0 0 0 0 0])
  ("related" .
   [1 0 0 0 0 0 0])
  ("can" .
   [2 0 0])
  ("OpenID" .
   [0 0 0 0 1 0])
  ("about" .
   [1 0 0 0 0])
  ("to" .
   [1 0])
  ("should" .
   [1 0 0 0 0 0])
  ("Using" .
   [1 0 0 0 0])
  ("from" .
   [2 0 0 0])
  ("argument" .
   [0 0 0 0 0 0 1 0])
  ("a" .
   [1])
  ("the" .
   [17 0 0])
  ("use" .
   [1 0 0])
  ("van" .
   [12 0 0])
  ("voor" .
   [2 0 0 0])
  ("wereld" .
   [0 0 0 0 0 1])
  ("een" .
   [15 0 0])
  ("vind" .
   [1 0 0 0])
  ("en" .
   [12 0])
  ("bij" .
   [1 0 0])
  ("duinen" .
   [1 0 0 0 0 0])
  ("heeft" .
   [1 0 0 0 0])
  ("met" .
   [6 0 0])
  ("deze" .
   [2 0 0 0])
  ("twee" .
   [1 0 0 0])
  ("over" .
   [2 0 0 0])
  ("was" .
   [1 0 0])
  ("verschillenden" .
   [2 0 0 0 0 0 0 0 0 0 0 0 1 0])
  ("die" .
   [7 0 0])
  ("zijn" .
   [5 0 0 0])
  ("zijn." .
   [1 0 0 0 0])
  ("apparaat" .
   [0 0 1 1 1 0 0 0])
  ("moet" .
   [3 0 0 0])
  ("Als" .
   [2 0 0])
  ("wil" .
   [3 0 0])
  ("kopen" .
   [1 0 0 0 1])
  ("mijn" .
   [2 0 0 0])
  ("televisie" .
   [0 0 0 0 0 0 0 1 0])
  ("dit" .
   [2 0 0])
  ("Maar" .
   [1 0 0 0])
  ("internet" .
   [4 0 0 0 0 0 0 0])
  ("goede" .
   [0 0 0 1 0])
  ("plan" .
   [1 0 0 0])
  ("relatie" .
   [1 0 0 0 0 0 0])
  ("Met" .
   [3 0 0])
  ("musiek" .
   [2 0 0 0 0 0])
  ("probeert" .
   [2 0 0 0 0 0 0 0])
  ("volgen" .
   [3 0 0 0 0 0])
  ("banden" .
   [2 0 0 0 0 0])
  ("meestaal" .
   [0 0 0 0 0 0 1 0])
  ("hebben" .
   [1 0 0 0 0 0])
  ("muziek" .
   [0 0 0 0 0 1])
  ("volg" .
   [0 0 0 1])
  ("issue" .
   [1 0 0 0 0])
  ("rave" .
   [2 0 0 0])
  ("gedaan" .
   [1 0 0 0 0 0])
  ("difference" .
   [0 0 0 0 1 0 0 0 0 0])
  ("word" .
   [4 0 0 0])
  ("element" .
   [1 0 0 0 0 0 0])
  ("op" .
   [1 0])
  ("mapping" .
   [1 0 0 0 0 0 0])
  ("niet" .
   [1 0 0 0])
  ("re" .
   [1 0])
  ("sitemap" .
   [1 0 0 0 0 0 0])
  ("ingecheckt" .
   [1 0 0 0 0 0 0 0 0 0])
  ("in" .
   [1 0])
  ("Adolfo" .
   [1 0 0 0 0 0])
  ("Benedetti" .
   [0 0 0 0 1 0 0 0 0])
  ("via" .
   [2 0 0])
  ("Update" .
   [1 0 0 0 0 0])
  ("for" .
   [3 0 0])
  ("Dashboard" .
   [0 0 0 2 0 0 0 0 0])
  ("Query" .
   [1 0 0 0 0])
  ("campaigns" .
   [1 0 0 0 0 1 0 0 0])
  ("user" .
   [2 0 0 0])
  ("::Portlet" .
   [0 0 1 0 0 0 0 0 0])
  ("portlet" .
   [1 0 0 0 0 0 0])
  ("Activity" .
   [0 0 0 0 0 0 1 0])
  ("layouts" .
   [1 0 0 0 0 0 0])
  ("page" .
   [1 0 0 0])
  ("and" .
   [1 0 0])
  ("columns" .
   [1 0 0 0 0 0 0])
  ("33%" .
   [2 0 0])
  ("theme" .
   [3 0 0 0 0])
  ("into" .
   [1 0 0 0])
  ("lang" .
   [1 0 0 0])))
